         164
          26
         121
         121
         214
         211
          70
           1
          22
         152
         145
         135
         182
          95
          75
         151
         144
          94
         213
          50
          52
         212
          52
          78
         137
         235
          45
          16
         151
          16
         150
          25
         229
          78
         109
         252
         248
         161
          49
         250
         178
         111
         114
           9
          26
         132
         185
          28
         108
         139
          59
         137
         227
          31
         244
          57
          14
          44
          78
         194
          51
          49
         141
         101
         202
          98
          14
          95
         228
         118
         204
         190
          73
         165
          57
         242
          62
         251
          76
         244
         158
         204
          96
          73
         116
         199
          43
          41
         250
          45
         122
         183
         106
         210
         111
         210
         166
          23
         184
          92
          88
         220
          87
          43
          55
         138
          86
          84
         139
         207
         252
          30
         211
          76
         134
          19
           7
         131
          65
         180
         165
         232
         117
          78
          78
         150
         211
         111
         113
         106
          49
          77
          18
         234
         211
         223
           6
         182
         145
         255
         147
         251
         189
         216
         114
         238
         189
         172
         102
           2
